idw.asc
NCOLS 251
NROWS 251
XLLCORNER 2
YLLCORNER 3
CELLSIZE 1
NODATA_VALUE -99999
[rows 209 to 227 of 251, columns 44 to 87 of 251]
85.18237790846636 85.90109040806412 86.78776061363578 88.00458368923621 89.2693338114402 90.49653828511049 91.85297141612529 92.78053891243903 93.0225732099151 93.07659604915017 93.82642014382289 94.92982798485063 96.02178734948131 96.41834435485936 96.53100172842748 96.77290921891422 97.31772270277243 97.77106926801075 97.7838405528333 97.79528424300051 98.15966151461487 98.43464380369282 99.15878233236741 99.6773570789355 100.11176999379109 100.63341481416496 101.23404951742167 101.91382504279785 102.48430857610086 103.06093117992835 104.01129178358482 104.69327605984066 105.56591974809236 106.39785674984635 107.02700519843582 107.6560974032218 108.06595357236084 108.34749639221859 108.5118363819082 108.33101992527233 108.68426669853886 109.17922154613252 109.88086956109483 110.78582852316106
85.2300142638914 85.90786633155464 86.73242964122296 87.93766811433079 89.12830229692203 90.36225109831798 91.56963411907995 92.59549075438213 92.9135482621897 92.9015078306787 93.34929099095362 94.05221975259275 94.93757095602099 95.56157694931015 95.88273156881749 96.46876433078882 96.95033073846872 97.40835758739699 97.49388035906117 97.50850439168123 97.52837600389427 97.81561942676596 98.35933299986179 99.14053350411264 99.50205267068648 100.07748170860975 100.51585369543226 100.974234508204 101.52655558234781 102.38985007366263 103.07461204284735 104.1237351268039 105.07453286485571 105.91183113348747 106.55964009030346 107.13592530987299 107.67535380459111 108.0034692748122 107.9732549221148 107.50344000190731 107.83279778108927 108.69680494744897 109.46518443750105 110.26828031770494
85.1246044959307 85.77750887173043 86.54067614006672 87.52359414631165 88.73413655049505 89.85098392128506 90.9953065072756 91.85136639424773 92.30653833954514 92.47213535079854 92.76698407042396 93.25828533225564 94.0596659649438 94.74480903866375 95.19111966942107 95.95390729712209 96.41133479048099 96.67986302701692 96.80687733681295 96.95275408833113 97.05256720968406 97.28118599154872 97.77961363803396 98.4168319579746 98.94209985579369 99.16835524318012 99.58568820332002 100.05514136848784 100.76682062869575 101.59708267920593 102.3490371803899 103.05990525947803 104.2950147082851 105.38286917895466 106.0511541274305 106.66271186105509 107.26614696442981 107.67313414272876 107.80618156576989 107.79279170651131 108.02952262220474 108.56034492514199 109.26136866152977 109.92858193295702
84.80562485720715 85.52653374351205 86.3527807573004 87.19466025011084 88.22241690300467 89.2917411318063 90.18550270079011 90.8829922851899 91.37459424551541 91.92053311322631 92.26259745551725 92.69606186770238 93.26203893458009 93.80784031098769 94.49355977166397 95.22299816960509 95.71437169853205 96.0641636635647 96.29921167235918 96.47679983503967 96.56717399670984 96.66681809914766 97.01137558734165 97.6119236587444 98.00932648832762 98.61794150456403 99.03069340122687 99.49034649779999 100.18499597924718 100.74827108199338 101.48661403022697 102.1790422974426 103.04132425861452 104.30320191712572 105.48040607010174 106.05305811158043 106.73560266403622 107.27653861556595 107.58944520273634 107.76455014225299 107.96930808983005 108.4265141139841 108.83873271537529 109.3943145928179
84.48353430086874 85.30266075296382 86.00488085078061 86.81861025145245 87.7458503279732 88.538201945348 89.4026458097133 90.06538492903609 90.59808726716736 91.03318894819036 91.6298196319373 92.1678333667219 92.72662562660882 93.15954095703174 93.78553023257088 94.52579794760328 95.16241556528473 95.69413395251547 96.20380515980403 96.47931213452 96.39859544668525 96.34737222018545 96.3339389707563 97.19305532008238 97.57891183162874 97.92562536385594 98.470424028156 98.90713091929561 99.39936937444034 100.20803459313193 100.81945095986698 101.48933240513637 102.21219108467236 103.249643939539 104.00967155419318 105.10689404619689 105.83434186809589 106.61163845324167 107.06377228713204 107.35822681723694 107.71699023574305 108.14750701649636 108.42892249644696 108.88386975050925
84.20377132864861 84.7846686910238 85.65073003075183 86.29627870172202 87.24172543561988 87.88948042763563 88.55850058295684 89.33668651859139 89.89326967789329 90.40143920173826 90.88617375568795 91.56225574122085 92.14684632851218 92.6938347106324 93.19533902037442 93.77461935807676 94.42294246927078 95.26947713081456 96.17712878934707 96.60215142085508 96.2874754974818 95.95838881339739 95.81703475216074 96.61056390863476 96.94248222853398 97.24470018050562 97.58973311008866 98.14351129678525 98.60937021796519 99.3677968542057 99.95681274536858 100.60981884047857 101.46552208763586 102.48404821325198 102.93947124571369 103.66857988810813 104.88296687518555 105.81352925501638 106.26982608665809 106.82742728590364 107.00661656508026 107.64870433703311 108.0468295193962 108.37886627994612
83.91271375575717 84.49185452968989 85.15432587450712 85.90346149946747 86.69717326801083 87.30583053912329 87.9141653845097 88.5081693422694 89.25717795423589 89.80856507618618 90.35338717453983 90.99899835124333 91.72834935271521 92.12516882671146 92.5370666770917 93.21042356094357 93.71801209534266 94.52453955831915 95.341185156808 95.8612050990116 95.64204914817384 95.29253589207624 95.3817512175057 95.71955667376739 96.13239820564027 96.55173482053094 96.84558453659277 97.35720086926625 97.96356728814796 98.66111814655936 99.06885195132011 99.70077293105551 100.55198506882445 101.42841435039675 102.10584277666723 102.80808344811085 103.58710239500043 105.0605875324432 105.53815291482255 105.80190295109607 106.19317983516643 106.84969996880099 107.50263143897942 107.81989686462518
83.59295285966975 84.13758965842457 84.64580313016955 85.4673313298163 86.09233193440325 86.74673200379286 87.30951493598447 87.9078774476763 88.48924616786509 89.24612456422949 89.84944471258466 90.46478956273478 91.19770596395287 91.74056326247353 92.23023148052691 92.7432662291541 93.08267783900337 93.55307274198202 94.24401130560572 94.64664021512246 94.6834534774633 94.60571320942702 94.73485873769357 94.98981176694751 95.35878619366078 95.7351163314403 96.00096709621978 96.27503257238328 96.99395183373599 97.42751430515435 98.08530134591827 98.82305657006061 99.71718163247411 100.56491072001272 101.25282126178173 101.78030338358933 102.49717415159262 103.4252670671197 104.38635920028176 104.82736793373833 105.26643729754113 105.76427776037302 106.44960509908599 106.89438377728399
83.30636898133596 83.7831999713494 84.27284852199985 84.92473718579147 85.61765333815653 86.11585852148939 86.7352225189534 87.32013126564287 87.91093611715108 88.53744132369428 89.10822055372759 89.88401450152172 90.7617456354582 91.54691092350133 92.15874489208483 92.59803012288883 92.72579077177099 92.94821774532363 93.52385269740589 93.75101462844358 93.83486837819875 93.90992428435618 94.09657801256793 94.28016490317319 94.9188360451152 95.10350611911745 95.50000123670792 95.74347659331616 96.14975433597351 96.53032433934635 97.0629351109984 97.60867788746444 98.51080370218651 99.37911404032478 100.21827048364482 100.97513617468834 101.55777016857017 102.3912377710799 102.95219126883181 103.86335741304113 104.34818363603412 104.88295659035916 105.30840847471653 106.05222569792126
82.83584204081238 83.45694316180632 83.93702073758423 84.55613882863832 85.19082434806116 85.6323920317472 86.22733286904219 86.75447611807579 87.27346648759871 87.91464991267117 88.55983763605666 89.29344797475088 90.19844328543311 91.25969528102026 91.99146731705535 92.55621464489745 92.69039495426429 92.7404578532776 93.06476583505678 93.26976616612046 93.30290610118448 93.43228251348827 93.58835151460808 93.8988024803493 94.5381066739358 94.75588762699464 94.90014132887816 95.21251605726333 95.435174669496 95.83194700209496 96.2703167540166 96.78190740859326 97.54605710976728 98.13631232200726 98.84182732063319 99.82832240965809 100.4936614834058 101.35920454756614 101.8851257455458 102.5673106806967 103.50396331778657 104.11448838157978 104.49696688624088 105.09053038580886
82.5437911942283 83.01726448271958 83.65762175215511 84.2692537943085 84.85108860827849 85.2258591663923 85.65665958413614 86.16168604212643 86.73049833617918 87.34096709822812 88.0488431284362 88.82452567129917 89.72042478531064 90.62612856484043 91.46777465738187 92.12495360187806 92.40628471118954 92.51287174393664 92.82677010955578 93.11612097772347 93.15248620149215 93.18377775967005 93.32231557160193 93.61941800738286 94.01108227588065 94.3811468702449 94.52369043697715 94.61576343260435 94.78608012136625 95.09161363166436 95.51496728314739 95.98938117230985 96.51793778509497 97.03391627794448 97.59101864799655 98.49781197694765 99.41597147621134 100.11683324566054 100.77789872248933 101.57671246426204 102.42076866212115 103.19931228508023 103.63138798625086 104.08766366455657
82.25371458807396 82.76101319588113 83.49203230292005 84.10397111311156 84.54906160065057 84.93281871108903 85.23706836576827 85.62571962576318 86.20301069114913 86.84505887911345 87.55104044918482 88.28735849843689 89.15057328566282 90.00662961151176 90.81295975108182 91.39198351610581 91.74125675293735 92.07271338361336 92.55846136040958 92.96129192886767 93.1209024329223 93.09829500941336 93.09315718378485 93.32694692250223 93.54091418487691 94.21957910377209 94.40897701144668 94.4690316602225 94.4394889578917 94.46477690110925 94.8318535887797 95.14985238685365 95.49888946136713 96.13104285635566 96.82622207575187 97.53188820566866 98.1964579964321 98.92859105175917 99.7380812479 100.29289111038045 100.9581725456405 101.66289061950106 102.50523930930117 102.9697127299649
81.94663346717608 82.50350462593875 83.27336705393999 84.07031584750278 84.61571281963586 84.92540348133883 85.0236325270615 85.26264584003337 85.77135620166173 86.37033873136771 87.0423732304894 87.73528229881859 88.53833083610941 89.26146353417653 89.97486288319087 90.63658648633266 91.08846445986363 91.5788597750336 91.97187982291385 92.5683581051611 92.723235151414 92.74813726225902 92.69415933432339 92.91649057931373 93.29810247578926 93.82385485917422 94.3444510570357 94.53323036697091 94.38751808123074 94.18170649900358 94.2950079377011 94.62889873166215 94.77711977644391 95.3230644163084 95.7514376353829 96.41641926272078 97.2291434133767 97.72095466843898 98.52146675291107 99.2609113825161 99.90698418886821 100.71416068728146 101.3336054655241 101.85852527341399
81.55196756372376 82.18262897294329 82.96410746256593 83.91385680781505 84.80731142811092 85.07051035461149 84.96490864356952 85.03159820092304 85.4431895217682 85.97359915045078 86.56493980813674 87.30075561421742 87.94923119746036 88.57553667288313 89.32931841529178 89.89904085691809 90.44654276635309 90.82700421727633 91.29819017996681 91.72566495699002 92.05688977975866 92.2456663301249 92.18358427044122 92.38249218893992 92.84431516878313 93.40237475980257 94.05709325939257 94.32572984051065 94.15233401227584 93.85525714220557 93.79269384346856 93.7946902351707 93.97362306858935 94.65957907048212 95.0663217717331 95.72269371499905 96.52339749644999 97.0149827290675 97.79411523272894 98.34326362184274 98.86570692707991 99.31432383274979 100.22791379158669 100.75544370143
81.15301208253767 81.79813515846534 82.59542783544609 83.6194255313365 84.53888830213819 84.92190042447064 84.82180317037455 84.8122613937679 85.07437813724384 85.59632323491547 86.12486419759885 86.78372087776856 87.36671898900623 87.93222461284113 88.63050357046158 89.16177956556854 89.69941656850536 90.03887091258684 90.45026800833264 90.81502734831793 91.10482228428575 91.42134740590737 91.60520855059022 91.73407452013605 92.31659318970577 92.79697594125012 93.20037920177107 93.53949110853168 93.37214158434081 93.13805126939765 93.11583671153454 93.20507232273798 93.39041063414939 93.63102822872118 94.19121981885239 94.85546510082533 95.68275269780884 96.38744816610647 97.01519910420133 97.65179334621041 97.9075163163333 98.41417039814462 98.91129009389799 99.68572579337503
80.79712647769212 81.42801743196866 82.15266511571276 83.03307160021365 83.77678184743894 84.21064646587203 84.36037097531245 84.41805775264025 84.7391613737662 85.22435826935744 85.77777099257699 86.28122839482225 86.81063600153979 87.33159353725577 87.96642053093649 88.42814572184028 88.96811334530938 89.28854409894551 89.61439181038004 89.87946467940115 90.11204532349647 90.37919428080382 90.79970719416946 90.96078759280343 91.53130306561958 91.810267482036 92.10298676927611 92.3033725064687 92.41329958152326 92.31220242417217 92.2909590955904 92.40357420339478 92.56203841362867 92.83350498651319 93.45240155984975 94.0640608969129 94.90659817568425 95.49938423329924 96.12407220778404 96.9580137534579 97.33699351684095 97.69215061112548 98.1957569092526 98.6736186872623
80.5524283972261 81.00207966866706 81.58956393401515 82.32843681372405 82.90125755683655 83.30044939333376 83.57420799822675 83.84871671711095 84.09117620025557 84.60515458495823 85.20673228659707 85.68375510286667 86.33899416855645 86.86867857172884 87.34865468711196 87.6893375289616 88.25562797126038 88.38828867862836 88.5401061961948 88.69310804784226 89.12269823647294 89.31634740003967 89.7495770557496 90.08925804402283 90.81284186079115 90.96608970424238 91.22648067941657 91.23008203121326 91.29309140438473 91.51414953753884 91.57115982561722 91.6951234577841 91.92056436676874 92.20452453550698 92.66086329700522 93.45679399624096 94.09874665014107 94.71147320441142 95.66858618866189 96.72453026373374 97.15707816426615 97.33530535657844 97.56467598023978 98.01822185750196
80.29258129514734 80.69271578899918 81.13545758629175 81.7236375742375 82.24585051998768 82.69229736746483 82.9923174298805 83.20768998307676 83.48234178898032 84.00033139702646 84.45231351548114 84.98323508999559 85.436600822923 86.21446440828204 86.61839090240454 86.90013081515356 87.14805211141928 87.25315206271046 87.47539445092234 87.65246064448735 87.92527487369853 88.31397510647363 88.64827476519604 89.21572669587528 89.67372100394597 90.21819937909021 90.49517078900368 90.56579814096462 90.62146365277431 90.70515128673077 90.92800438873283 91.11910917800807 91.31157724589303 91.58853854606971 91.98685446550041 92.56810335783872 93.42858537065307 94.24490411233498 95.23487928156885 96.37245198270337 97.19799082207922 97.35993775224782 97.33413833662235 97.66820731470246
80.10078969587563 80.43732243923543 80.85622509647905 81.48110137312199 82.02169088934751 82.39975293276072 82.72555614460825 82.89079568651515 83.14789110226425 83.50224622429334 83.93366529026352 84.48545294792191 84.88609757339114 85.27290618985427 85.55738690885013 85.5949318988892 86.09513355915507 86.32835966162676 86.62012635229658 86.78011999578244 87.05616551829357 87.33690017671485 87.9130955610252 88.14406333257082 88.89594871054737 89.36234346980808 89.65805010697679 90.12550638004483 90.34894810054536 90.43177077491468 90.42495182013032 90.63400066600857 90.76018329660776 90.8831938069867 91.30395150342953 91.76629128542584 92.80913804887705 93.71491442407229 94.74275364350582 95.94849213224262 96.94792379336333 97.25218871723055 97.18779113910523 97.36556647291398
