idw.asc
NCOLS 251
NROWS 251
XLLCORNER 2
YLLCORNER 3
CELLSIZE 1
NODATA_VALUE -99999
[rows 0 to 18 of 251, columns 132 to 175 of 251]
83.621764008411 82.34514146835184 81.58427643779818 79.79858382175695 78.94508211867215 -99999.0 -99999.0 -99999.0 -99999.0 -99999.0 -99999.0 -99999.0 -99999.0 -99999.0 -99999.0 -99999.0 -99999.0 -99999.0 -99999.0 -99999.0 -99999.0 -99999.0 -99999.0 -99999.0 -99999.0 -99999.0 -99999.0 -99999.0 -99999.0 -99999.0 -99999.0 -99999.0 -99999.0 -99999.0 -99999.0 -99999.0 -99999.0 -99999.0 -99999.0 -99999.0 -99999.0 -99999.0 -99999.0 -99999.0
84.11036496695395 82.62642426926918 81.84717727340137 81.07900835399148 79.57494265038524 78.26914889137909 77.24943082514139 76.29442326668641 75.28700751049355 74.03926697219353 72.64119778238252 71.54543350598549 70.63222393018381 70.12080739737796 70.01670471430994 70.18282876548112 70.12679867726739 69.72681862113454 69.04204673440435 67.99668261276827 66.87221492537172 65.48843726543294 64.29521104950496 63.50722602712638 63.13550136063458 62.738551779310654 62.35671298721831 62.415012280017216 62.04928849429698 61.224443317381706 60.84564912613595 60.73535103160883 60.70615607633488 60.457240735507234 60.251084185977994 59.714912470629265 59.40821454413534 59.06312675873759 58.50261139674464 57.93926847571979 57.48878799593994 56.60667674619594 55.796219172401734 55.14567957191133
84.51315462312472 83.10815470234633 82.39142411585907 81.36299960292762 80.266524794491 78.57299844512085 77.55984878915555 76.59942007260632 75.58775798856624 74.33660657631702 72.93699406635332 71.92636734656271 70.9648723764652 70.3866141041297 70.22069181174818 70.33658994879468 70.36954700722676 70.0951583890776 69.40567449052391 68.42452456320811 67.3101624366112 66.08764981554548 64.88217103191539 63.89905537172226 63.269845287192545 62.83215729887697 62.55858121618706 62.348543448026 61.664410797967854 60.661745477328985 60.28852390371226 60.4497287404125 60.558315247279104 60.35308043307962 60.14776557973084 59.80251808826545 59.37771961450656 59.01862688250141 58.46816874996022 57.92180100926636 57.31680741666279 56.43707856139342 55.851813153982064 55.198151557547035
84.78670386824281 83.64483606406239 82.58585800946162 81.67359478285516 80.82512515999493 79.30159484940629 77.94002453744552 76.99602295585667 75.78448055514272 74.78988458666713 73.36087621675837 72.46701899226822 71.55425248165535 70.99206671180328 70.71618828071625 70.62080526511103 70.52672472873554 70.38010385807712 69.8935998248735 68.87939205243914 67.8103318864984 66.6300119772258 65.42989368895485 64.51033503381792 63.70768410665973 63.21474117149965 62.77823553430869 62.364771549158824 61.472043543066505 60.51494523022507 60.14925847223109 60.380165343882 60.49272665011372 60.32729904089278 60.0236483670931 59.74306789457746 59.456390376056916 58.94932512565694 58.39159252927449 57.74330394231883 57.135150718121345 56.47660967885017 55.90178840645753 55.054031635190626
85.0693271393268 84.26110653950143 82.90121415056092 82.0066568899684 81.17024111092782 79.69615476112749 78.72529414836498 77.467027822414 76.29659934129948 75.35832027089407 73.97801657264097 73.15262347478394 72.40361240705862 71.62898732944669 71.08646780656966 70.63660930896357 70.41389622712825 70.46668018470956 70.25485900882654 69.43203719345573 68.29916733127159 67.0904665093429 66.02189597645179 65.09308293639981 64.18963356108407 63.61707519864093 63.125675638223306 62.50997468915384 61.717042316825605 60.91367303748879 60.56178762634429 60.60683747874351 60.53442683762845 60.197758620130735 59.87565808912714 59.71926213061982 59.403417634038505 58.92869748145616 58.2651075390831 57.66556689798834 57.12669448473093 56.653113853981765 55.82427522195995 55.182099443286624
85.46043622879343 84.53762182325751 83.38993707939132 82.35303984333135 81.53716830436521 80.49716767499352 79.19833484471756 78.29924646083937 76.86914240586077 75.87626594014868 74.84598996368189 73.90208203438104 73.09524386028374 72.286975473938 71.51473581267561 70.82430944637142 70.49051724589998 70.58631831630508 70.57830354315016 69.91528716277278 69.11184962296873 67.61654348023337 66.60379075116225 65.68214221617461 64.89013095963199 64.08366829115938 63.500067379958104 62.82061778162712 62.217173494880456 61.45802549777206 61.09548801492371 60.90128027416782 60.68095601228933 60.12321107411603 59.66811930406249 59.68691846694565 59.33861753899633 58.62348276748965 58.090732574580336 57.4758640484079 57.12669061062252 56.608886934735985 55.849921326282995 55.23555232858926
86.09903522209355 85.06991030529363 83.9735521203406 82.70410512014719 81.91629955927303 80.9277170930482 79.69701215287417 78.84445164325444 77.74170083848003 76.52572103827619 75.55204251254142 74.67839944117684 73.91739460881405 73.13515294091326 72.34083874584633 71.63034621626907 71.20169200021324 71.08108780398189 70.97897297329114 70.43616740985544 69.45508181655376 68.55119790054536 67.1578045036062 66.27908545549536 65.46567962141333 64.73923229546581 63.76945266316906 63.16697811796666 62.60198489039881 61.94342715218158 61.521366531263766 61.29454113758406 61.17181547459711 60.67702032789397 59.92969157310135 59.75588874282885 59.11149748186806 58.11204909700581 57.53702173475075 57.34184195576833 57.00985582557009 56.41645370301469 55.92508649740719 55.27125601541515
86.52453256602374 85.32240213811986 84.27109887161353 83.34426691537982 82.58750765875624 81.3682780160706 80.20995063587749 79.40287440858184 78.19863258300612 77.39787811503605 76.2383764622178 75.42811184662968 74.7520928405667 74.1296169090636 73.55216553471872 72.95484511883157 72.43237639479766 72.00117998310529 71.67991960797657 71.21426836784045 70.06503126408897 69.22440854894856 68.32934740499981 67.20513500036738 66.14790522776019 65.37955109826167 64.51944133091918 63.532338409834885 62.93483748256697 62.22786294640285 61.85531648726296 61.61008972859025 61.71822256319777 61.59456990756275 60.634747651732816 59.87420847277971 58.81126722633388 57.64705200630971 57.14304735841391 57.190293789679316 56.90980774412766 56.23489739443576 55.780967787625926 55.32743928503248
86.90920373658051 86.00548443045489 84.80094835703663 83.68513795975224 82.96679269439021 82.2302104204771 80.73106417477105 79.96858844231949 78.80376289902122 78.02024533284528 76.8783749893609 76.01638269326223 75.48143369753811 75.10234002931212 74.66381288670627 74.23536914928188 73.6620596200027 73.04535552885424 72.51817044195397 71.7724586075898 70.9178528050027 69.90758227522008 69.04272954917289 68.16475375131161 67.07072887980549 65.88680351150818 64.93131911885102 64.03984820541237 63.42243902971649 62.73991162160088 62.07658474192807 61.79433401100263 61.67429379931642 61.53657083302132 60.83989134720605 59.91327948075474 58.80984137762902 57.77190634368219 57.26536168808521 57.122362613684736 56.52616933874094 55.86512298243872 55.64303992275369 55.3346055167031
87.08844869393847 86.55978996786925 85.626082319685 84.61117266421964 83.34335562140375 82.65213541161862 81.51586362976279 80.7812908276612 79.42270637203919 78.67273855019599 77.68960557544024 76.55485856628515 75.9088790822648 75.49920288978967 75.28068417792568 75.0751259602317 74.61278774649048 73.90906263555313 73.24587486834828 72.42135194923799 71.52242534827181 70.49283239803174 69.6311276621375 68.75395968849995 67.88460353808397 66.73741358511356 65.55050693719635 64.83266679723437 63.96765065706738 63.10902803737332 62.484781455140514 62.08197411915966 61.75350994380255 61.26750707454982 60.78020709618885 59.999114295308345 59.15313002762788 58.17674493194476 57.57386141965851 56.98403390780014 56.0970443207171 55.55471135188358 55.5385016153599 55.33421804392218
87.61178493620103 86.9427065573963 85.96413639810268 85.02362510704597 84.28500313905684 83.63463417610124 82.16667856219223 81.32558873894008 80.41642633816681 79.4596810918109 78.46719141675545 77.23014307467739 76.32385116998698 75.58286116165922 75.33363437233577 75.3532253220875 75.12041281381775 74.52891929956968 73.90856947452048 73.04802651859592 72.12922759972925 71.08323049778517 70.21794535810885 69.3358456831161 68.36379752181067 67.06425967318323 66.2709142403005 65.31099792618204 64.43670068095645 63.699658296622474 63.05294221956789 62.499134282618996 62.13683361227431 61.616716790154605 60.89563085016244 60.23951001855015 59.530682545963984 58.60072398290424 57.85158624158172 56.99046741366654 56.10746934489533 55.6020358894118 55.550341184293686 55.334667342712166
87.87483643914676 87.40397236269578 86.40349910907483 85.79946397999421 84.81630551132416 84.01581221653353 83.27419388010313 82.0731666033559 81.07181324984904 80.35000546915424 79.21709777528076 78.08646734419669 76.96297852864129 76.04058948668754 75.59440543487632 75.64853569238284 75.61897462645457 75.18091329161835 74.50162214077656 73.64347463445404 72.72745341358463 71.89781884171599 70.80422436206598 69.79956588346253 68.9128857997974 67.82999139945815 66.77124263025219 65.800890706233 65.14262267287134 64.22937588997486 63.726497871311 63.15481017109051 62.74373156779999 62.02253415704021 61.270253994963 60.65201463410393 60.01271350382945 58.997452466960304 58.139929370522786 57.16167485920823 56.42172591965756 55.899921035067095 55.657438442096364 55.18754902997457
88.1134197827834 87.64018028009114 87.10442009260774 86.24524251054802 85.19083283888594 84.57616189435977 83.90929449845935 82.97027568910103 81.95184362002021 81.17267169006975 80.41610468141077 79.1408165742511 78.14004038898858 77.28692308425754 76.61268996874047 76.45010586774727 76.31931690872352 75.7602042162631 75.24188671165356 74.27243174767469 73.32128407831534 72.49257676968242 71.26112142897438 70.36027763833832 69.45480289732873 68.34047869437076 67.22871240522414 66.49380174767835 65.61280235077618 64.76078251673151 64.34119564589757 63.801032733632255 63.35954751980621 62.682271596742645 62.15434187229921 61.38157261205368 60.76591499660589 59.50203434487701 58.585202420989 57.50027280553815 56.67264744537616 56.07318580692528 55.63510342932864 55.041939373549965
88.5307417211854 87.94060106424894 87.40023977098569 86.51625663048699 85.86492105254757 84.87518947272463 84.20822359706123 83.55526737993122 82.89974167206788 82.1410721822676 81.158732006085 80.28173322930859 79.50936580584792 78.77997802306234 78.00195053327192 77.57166547375779 77.20963368540578 76.63640731761168 75.92781411425736 75.03491887827569 74.12470623133845 73.16421242479358 71.84288951333147 70.92439863344865 69.92658370323596 68.78634757315578 67.86469718377852 66.89188033268456 66.27657960446064 65.31779776205734 65.00856694293773 64.54897140730557 64.04117763929868 63.163781261500304 62.692238540577655 62.18298800079699 61.356229832903665 60.39801158270876 59.071424368937436 57.81007631367661 56.79042727828897 56.08665961724292 55.53392295595404 54.9331668856283
89.0059790450912 88.49901945671223 87.75432082536052 87.03709342198786 86.08589455065848 85.21960293171038 84.57715644225759 83.85889402604245 83.35148165425763 82.7956838461207 81.92132683607035 80.97969753609749 80.48511650287611 79.88889326021793 79.18371955385025 78.5830532164538 78.03070530468275 77.32315257348743 76.5487350381863 75.78233540777349 74.9157318975948 74.12156727311759 72.96925211236554 71.65073156356536 70.45459712909886 69.18253753417915 68.29057553999567 67.28865418038977 66.6778595294691 65.99300793569768 65.73009023174929 65.54827995661017 64.85676193842127 63.72403165746947 62.988148597124244 62.76944421620115 62.16982685862304 61.00920452211357 59.609879559000944 57.949977984446214 56.78776225165164 55.915898777794766 55.313858343568 54.95562247896607
89.3520407606194 88.76084243730608 88.04988957789337 87.40944464889145 86.67478500810407 85.61883659265781 84.72007308017349 84.00671419179992 83.62762839857449 83.24041899124589 82.39173622118913 81.39174418423661 80.77098114735604 80.52830692277047 80.07027849608048 79.35360239216963 78.7188332108232 77.94062357014809 77.13188910821634 76.23428692653228 75.52246373573267 74.63687231714245 73.77179081316739 72.52312972984004 71.32345012001973 69.65134886808539 68.70034667828185 67.64589612339185 67.0228555340426 66.54059183960383 66.41283477449656 66.56070743751495 65.90621586824952 64.29265934145164 63.0628193889635 62.90083220140293 62.49382487786927 61.44192769892142 59.94649347574909 58.09291556653282 56.69054047244634 55.66069736902374 55.03507982934929 54.86784078721303
89.72637827326972 89.0895115804403 88.46146463746737 87.7269153810102 87.00724915621447 86.16541087004575 84.93209172185277 83.99763430243237 83.58590379241969 83.51223400172358 82.67231808792612 81.37233617981875 80.68584572814596 80.72087351537405 80.47043530155744 79.8578866968895 79.2295895696811 78.60550234678225 77.63868198605068 76.78725113126701 76.01492438314118 75.25878418696058 74.27088131280054 73.1257344555032 72.09248299617043 70.56435218402109 69.31532557362813 68.20400897119139 67.30106977653217 66.89257785049433 66.75248635172923 67.08648665687991 66.61262122223457 64.8779914294317 63.34884157614588 62.91676971370685 62.434350719033056 61.39437479664528 60.050128001363724 58.19114822055273 56.86298842542895 55.61876133126341 54.93773491266317 54.83223332876704
90.05358495568083 89.39603218710155 88.76992050739517 88.14575985227836 87.45149440703801 86.69329681161702 85.62139905609519 84.4242914341692 83.78920604018872 83.69522923464459 82.95621115034207 81.87573877567824 81.10904614185355 81.02054901945169 80.80803383170513 80.31869625385 79.58986696641497 78.95410229379361 77.8411035816339 77.18400670364454 76.59244777027418 75.76733365815466 74.90050635214658 73.69709993004143 72.63016300229694 71.27108611139332 70.18840807482515 68.7711201645996 67.60399903206948 67.07407572774885 66.69071672550538 66.77994367485651 66.35759024570957 65.13681180339009 63.70838216219312 63.03073294252403 62.20617048824554 61.24737081141534 59.86437419432481 58.49784489287429 57.10512498608223 55.905905641240636 55.20304138075121 54.90573363866485
90.38451699098162 89.66250431599366 89.06551553414464 88.51376386101019 87.95193211391334 87.42198811481333 86.6227457316797 85.46490925783179 84.63344141835013 84.15602487600513 83.5142115603096 82.71063845046254 82.13577404048375 81.68571856534187 81.28752100134088 80.7374210965966 79.84921584086081 79.14946696949464 78.03859130593526 77.58506036346952 77.03629368833948 76.3336457401926 75.4653769463039 74.24805969543986 73.15124342466832 72.03306317990095 70.68734318299214 69.63206432520153 68.14014117136857 67.4649034810066 66.70279352171924 66.37813240288759 65.95708268144311 65.002196367384 63.95647246776974 63.05021871695234 62.110562190164444 61.090924624346265 59.87550934066901 58.66812021779679 57.60217044510395 56.420160668149755 55.501713882773004 55.11596476658095
