idw.asc
NCOLS 251
NROWS 251
XLLCORNER 2
YLLCORNER 3
CELLSIZE 1
NODATA_VALUE -99999
[rows 114 to 132 of 251, columns 44 to 87 of 251]
123.47112660027668 123.7962505241278 124.28700599780005 124.65504662994097 125.10559635062464 125.51066662009332 125.90722663224244 126.5519547096165 126.90061937966013 127.194282033226 127.2631054291456 127.18680855030652 127.10692193440882 127.58985513580998 128.40869507088667 128.98881437888804 129.10398521005263 129.20670948390912 129.520799801381 129.88124469024092 130.23536628233146 130.6491183585697 131.0893784203869 131.52398325953956 132.18729706808244 132.84298935126412 133.5107156278123 134.20250226815588 134.77497349959233 135.55268771268624 136.05068423354035 136.59903407945376 137.1588931954914 137.57945219231468 137.93445783944682 138.33704649045944 138.81102107205282 139.42312919463978 139.82374772910916 140.06183934573522 140.02649183237 140.09261433011804 140.1843655433497 140.4008894905629
123.3108782511987 123.65031619141986 124.10829895557256 124.58714340219632 125.01150492402256 125.49843566617703 126.07544597331983 126.58054685185591 126.97175232250166 127.26064607604881 127.2997252242591 127.13831853154012 127.02855788241322 127.5630805004615 128.41087786262116 128.99067991871058 129.11344803101264 129.2892829297918 129.61434299768655 130.03538337639287 130.4242989352435 130.83103702412734 131.3158449337361 131.78068958447625 132.56468519901424 133.13978313458298 133.68872677362242 134.42193283504622 135.0570212053675 135.65323738968908 136.17783190960586 136.71890534313184 137.16665724222986 137.6132010164919 138.0047848814793 138.47337066198267 139.00258530135451 139.71674700728283 140.31417011703516 140.55426268880754 140.37951928693238 140.3076150211257 140.36800249049563 140.53245769299446
122.86742414216687 123.35459110341324 123.82200103985639 124.41812719960012 124.91167209167148 125.5823657423637 126.17085967110755 126.6350851974082 127.07481547202774 127.36282816414868 127.44688199337017 127.42608216148247 127.51571874070336 127.90502554137447 128.5168347813379 128.96019494581856 129.1595589779933 129.47972486866055 129.79117032438037 130.2133611028507 130.6372051041661 131.0677587568207 131.5206655154485 132.0103827525149 132.77109814106643 133.40447605248772 133.95484250675398 134.60075181712227 135.41032324198997 135.9042112258145 136.4872219982226 136.97288583232535 137.29013180413253 137.6893245324239 138.1203335368815 138.52837961158104 139.17950999614914 139.8886424000787 140.51364104496957 140.7605972679117 140.49920490911376 140.46268735694153 140.56599035715118 140.77277811734956
122.30451487567781 122.89114873799589 123.47158490796899 124.25068984991098 124.91227437771339 125.57483950534747 126.04105062406168 126.76617628758099 127.1453349756622 127.44189451040388 127.67813877645781 127.8267499681986 128.0448659003845 128.35134573742346 128.7821288252311 129.07416601708107 129.41461621321412 129.7354749276302 130.12461856956682 130.46837662689273 130.81378227626482 131.217070239866 131.75156288806042 132.29670609694026 132.91829998249148 133.64393433239528 134.26991962409667 134.98682841583707 135.66408468046555 136.17704819885472 136.79806462157663 137.279427162967 137.5262667421675 137.7713435524773 138.17787687817446 138.55165951820356 139.08817290991493 139.76469783905065 140.2328128901217 140.44636593863683 140.51356504246002 140.5336487639159 140.64781597353698 140.96518321701055
121.71949822388328 122.34336627020934 123.184856561529 124.08535286499765 124.75174258972021 125.55165126737684 126.05788845292248 126.68633636623534 127.2271576790649 127.57437155950512 127.92757189642911 128.17489745618263 128.44138899156442 128.74123205946415 129.08627808767423 129.33026236357475 129.72935971963034 130.04024067926906 130.37764876599385 130.6976830948924 131.04672559576292 131.4354096659358 132.02258392868455 132.46449326312154 133.1181102478946 133.86124073480747 134.57581843059052 135.4339994572214 136.1088756626388 136.7417995013862 137.24672940645442 137.63099006364268 137.77475787275733 137.90984505011932 138.22640383620123 138.59898186821863 139.0252409127659 139.5205797515358 139.95695799674363 140.19477956675283 140.36997623028142 140.5508001130394 140.73588565959105 141.0566871548928
121.16191257481717 121.96196208161149 122.96897146864661 123.93460043773995 124.78706900372833 125.48013685113406 126.24532719149146 126.85101931052917 127.24882178975608 127.72438162655014 128.13185436484355 128.50213890925963 128.77371136931214 129.1013268040046 129.36889959854602 129.7305783534887 130.09714352014186 130.28985232565668 130.55402117406547 130.92621131260805 131.26182516110413 131.6187647430204 132.20237987222822 132.69173314575738 133.3635987284352 134.1576192418593 134.96800129845036 135.81572171898745 136.4959252399964 137.23775264241118 137.8095445384538 138.0610047768744 138.11116361300006 138.1015243600474 138.2069678766489 138.61192616034978 139.04167010889017 139.47553455692093 139.79535144561498 140.07725502601355 140.38697581213734 140.65871846422007 140.95089312137284 141.15470746413038
121.06187861113784 121.9370301181378 123.00097352110615 123.95023878700052 124.80263651906085 125.52256078616655 126.24093382053972 126.9333959486823 127.42330475284375 127.9237518812515 128.31526032424014 128.69856716096447 129.0835014099546 129.5044864109519 129.8398354888218 130.19845598809172 130.3627625913643 130.60890905610526 130.8475126294742 131.06928947694252 131.42682297914237 131.79789040515297 132.31827368841775 132.85582400241952 133.70708523834477 134.44921292199712 135.20455648793433 136.01745902298373 136.88789016380213 137.68441845278522 138.33338382271546 138.57438263600102 138.39078726991673 138.26242735220745 138.3936444395192 138.7458346012245 139.08744973000358 139.50981500558268 139.8177804748207 140.0904158534005 140.3987297986082 140.85879343370135 141.08234814831167 141.34703107779765
121.50609811340068 122.16957184466997 123.17254091330052 124.08327963349727 124.88925567583648 125.61557991380413 126.40087221575038 126.97085979776224 127.59952665827811 128.045501388235 128.4817046319567 128.94267420263594 129.34329112103399 129.8465810729189 130.2790886724364 130.56257524699373 130.69769039695421 130.85160523919663 131.06542054237636 131.28320325653928 131.53250879314234 131.92754952162915 132.49299769032285 133.12175656581312 133.8633384129763 134.62975145486652 135.29349299592747 136.27669124435883 137.13436213039577 137.85688130250026 138.49129053655744 138.7181765982591 138.51248998378733 138.3569417864712 138.45989594673603 138.8597579916078 139.2019577405571 139.54515703421282 139.9506591676881 140.16049197332296 140.49803292869174 141.01874253148358 141.21152933577784 141.53795585808396
121.95765395933535 122.58654348283262 123.3976180465716 124.25351167381027 125.02773853967189 125.75082852264379 126.52526493019316 127.15300848033672 127.7452948469469 128.20379438387747 128.64419578978732 129.04276434513307 129.5746921553866 130.15655108128018 130.62169292136971 130.88099293934553 130.9316235835553 131.0693149169615 131.23332978133564 131.47942282934682 131.71689018918454 132.0737162167126 132.7172164835745 133.28628908678505 133.88247541383018 134.71832547441946 135.5845136280639 136.4403281873451 137.19538096960133 137.90921151342567 138.3595445442109 138.52252524651976 138.48564959215693 138.44012637764442 138.57328154230328 138.9246687398474 139.35922165184323 139.74717324746175 140.11649084835472 140.35556205284453 140.8040804361457 141.17318255379604 141.38557930700838 141.63593371323302
122.2912570425142 122.87774960259472 123.64415074875726 124.44417399852325 125.20785262361836 125.90893078964204 126.76256421423058 127.31901174416699 127.80343717643464 128.2484602074913 128.66685701441878 129.13832242727506 129.6713010248165 130.29005985531253 130.80993822626155 130.98351744024234 131.09867048090467 131.270920261086 131.45934999308707 131.6989165199276 131.99126369628647 132.31863992371305 132.81527153327028 133.37926017125176 134.08573341456758 134.74523733141478 135.66375913615192 136.39952105355957 137.23577161497604 138.03756448119586 138.63169954490326 138.8310548759219 138.63197525675147 138.5373099016487 138.62892788640846 138.9572298673406 139.570917845056 140.0601839700786 140.46459181401175 140.7290041732271 141.20690620898768 141.3438428187592 141.578307330601 141.87466369446074
122.4725519067383 122.97724104270158 123.76548425874661 124.56731450804281 125.29892891379298 126.08200362795634 126.90897665765475 127.49330777342949 127.91234443238662 128.29759884666555 128.72749428209707 129.1319835338262 129.56701428135375 130.20960710035135 130.73956651002806 131.09685537016622 131.49219552602509 131.52343002114563 131.7548268036405 132.0047145390444 132.23029650003926 132.47178949023555 132.88885068070664 133.44116696655098 134.16586241606737 134.93168275350766 135.7309421451368 136.3896927816814 137.18507032680725 138.0418493158101 138.84155236742626 139.07832512703197 138.72788898604014 138.61831566652307 138.74592628096525 139.11767820756097 139.88708460921177 140.4134279089698 140.91721304617647 141.3758525030366 141.56434967706284 141.5549895140621 141.79179974266611 141.99839549782953
122.56276742964404 122.94352608442959 123.71399280947672 124.54044779332193 125.45889845843348 126.30353551860141 127.06322337860533 127.59902488975828 128.02166168395553 128.42771752715498 128.74143272170033 128.98842342977284 129.4232778215637 130.00239026893883 130.62114149680863 131.20642964810745 131.59336928867458 131.68184096758358 132.20961428484088 132.42995921525255 132.43474592650105 132.61981576698193 133.0321842275532 133.689802481755 134.40064121846424 135.0407166797307 135.6428149845033 136.3242753483957 137.00540654364892 137.7315623836688 138.4353804913204 138.67470860895853 138.5862370895617 138.65958609172142 138.83936789988195 139.27876235933437 140.02212551793113 140.79761096115607 141.50549673022678 141.99272297405824 141.98707015951152 141.83571967023377 141.91877598226097 142.10952733724466
122.47617030542695 122.87770188157768 123.6822726874006 124.60206697431859 125.5114645177852 126.42434810850008 127.23467980041293 127.67741630928107 127.94245938368604 128.48292372465124 128.799449054673 128.9158369552084 129.28138199788305 129.82194468001978 130.44800083498504 131.0354553407683 131.4371790771597 131.91679992480013 132.67817176184084 132.69262362794618 132.57680946770697 132.76327742410396 133.2858348293397 133.82561886967724 134.5303942054974 135.14124626721224 135.69222150837058 136.15357035764487 136.74713107771146 137.27707329400434 137.83806887679015 138.21277759292082 138.32280547554143 138.5619148068933 138.8181555456491 139.43275105300538 140.1800754267884 141.029925248068 141.92636434641284 142.38662484433922 142.24973470950044 142.01342586562188 141.999299183969 142.12393296748058
122.49737221811222 122.97915312459601 123.76704599890442 124.68701233658696 125.6463129479382 126.53502695843905 127.26463782175837 127.66410921000211 127.7462318476704 128.49381494682748 129.0399603361606 129.2171006578721 129.27737867660142 129.70211404396187 130.24901180038188 130.85164018520896 131.3372040721573 131.90850965044814 132.42871946291865 132.57353902577208 132.69311614794822 132.99503552339192 133.5014976449658 134.04899197373203 134.7108369500962 135.3564461418336 135.77079599217961 136.1009483509133 136.51108586331725 137.0083247937459 137.4842681419244 137.86376951845617 138.05805025359777 138.50104240990566 138.94866260355272 139.41202501920046 140.15893313302323 140.97029746262658 141.85038254630211 142.2268174858817 142.17573628788858 142.04201842156087 142.03193868587744 142.1786416643066
122.74844077969067 123.27239577762582 123.97620421468378 124.77383425560008 125.63656458238194 126.41959272912945 127.07891166645554 127.58997101514865 127.83502795492748 128.46632531016834 129.18235055233606 129.33048089917128 129.2571294919557 129.61215216709948 130.12389849086003 130.68016783519366 131.22301889079418 131.72055956215425 132.18002657528146 132.49084341569193 132.80183455808307 133.28004538909602 133.8028687879673 134.40645511697474 135.0301265101008 135.5829124696426 135.95013413771895 136.1726564634179 136.47905494542928 136.82593694068635 137.16524201083766 137.49175462743713 137.91196960293158 138.4906767132058 138.85039149952695 139.28973400909035 140.0150330192 140.80240343821794 141.41442766061482 141.77977699595908 141.87470984133543 141.90408052858055 141.97010449877493 142.14594379346792
122.9658277511155 123.51523426681861 124.13636391368749 124.84818459903207 125.54297166061785 126.16951806576976 126.69659176835384 127.23897110799072 127.75651147358289 128.3173455863067 128.7978280613533 129.03924133787888 129.19348510464633 129.60518915117166 130.10799611388566 130.641725596581 131.19020535827926 131.70150377253086 132.1246474479501 132.5294109214769 133.00713233532878 133.5562706281277 134.10056681882708 134.76184899491764 135.43283328230658 136.07042203555133 136.3735600893833 136.39488970121567 136.45919658277114 136.68395797332653 137.00180821784417 137.36794479127767 137.68895665409596 138.29394505722797 138.67570768006362 139.13676383369165 139.95085342013994 140.48840076361867 141.1206892584615 141.39153720258867 141.61116380343867 141.78753114700964 141.951936232017 142.1666765415113
123.05298858906389 123.58571392488625 124.20078724530599 124.87243398916877 125.51108940169551 125.88207628405671 126.22273761882994 126.79375450620826 127.4659127494222 128.0186445182364 128.5035568602486 128.83578062750016 129.14982284532803 129.5988148561084 130.151145889828 130.6803482687043 131.19783704044232 131.70505768753347 132.14366787990193 132.69665339873617 133.19137342068692 133.83729834338064 134.4777098330523 135.0504110074016 135.77652995668436 136.57070887665455 136.77176997713616 136.54919344845345 136.48940916760674 136.67243007458023 136.94895273622268 137.29591915764271 137.62828941092465 138.1479532181613 138.6351935869818 139.0173518679249 139.72099930303204 140.16976243948918 140.69938335186743 141.1172186294803 141.3555548116334 141.69597374481057 141.8865742376176 142.12826616575003
122.9649685295581 123.53390555784762 124.12787504948622 124.83933697211894 125.47324384665387 125.71144281897612 125.83824867481916 126.37950962046186 127.09505274970432 127.75674232610461 128.29651630169448 128.70895948312267 129.09691425839358 129.61695407994364 130.1382896854905 130.79653614092123 131.3404324746417 131.8329111406606 132.32453112730298 132.87675843447002 133.52972657989287 134.12777903419914 134.67863011911294 135.12355562342614 135.75772428673176 136.5438904929834 136.7577715680035 136.56529188813622 136.53532186458136 136.6808724000565 136.938491470223 137.2937214900708 137.54836096358287 138.09591950891655 138.50846450507544 139.1944801379002 139.63864828868358 140.06166973739502 140.4391518026457 140.9152765542495 141.23658561138186 141.56256030419684 141.76892641808692 142.10952609265422
122.82209370054791 123.34507402430155 123.9190938419119 124.61884449469764 125.33931320638708 125.68524253413614 125.74732640969611 126.11557268714895 126.80006723850933 127.53724484420431 128.07836226571237 128.62170317046036 129.1375768092274 129.65672812453803 130.1206310360736 130.86731101807018 131.43162025641718 131.96066139268515 132.5229936679037 133.13803799909743 133.73650747359554 134.40086926777644 134.90351625271896 135.18668458936511 135.50453881302863 136.03531831877388 136.36507361127636 136.48392199992637 136.6065208418228 136.75283706509077 137.00074274186852 137.26144931512235 137.6001319337865 138.07886636566113 138.64595536658638 139.11236841894438 139.53134632515327 139.9422699893368 140.3555134608266 140.79355057078968 141.12936761943732 141.49293433918518 141.74716603428172 142.10202441187076
