idw.asc
NCOLS 251
NROWS 251
XLLCORNER 2
YLLCORNER 3
CELLSIZE 1
NODATA_VALUE -99999
[rows 57 to 75 of 251, columns 132 to 175 of 251]
100.35541057262311 98.79751964872386 97.67810622439099 96.9086776284074 96.56579240226252 96.44639595726797 96.13716202097655 95.12460020251993 94.01466381698208 93.18525062315162 92.55170036901774 91.37341707135417 90.1978965788144 88.70970578830344 86.98556860698672 85.73390908102684 84.44846372480679 83.22631956984452 81.9927497624667 80.63538935324381 79.96627138338147 79.58342595017456 78.88131078230504 77.82920841290118 76.57608993054562 75.92543356034562 75.69314055457671 75.32129227462504 74.33464905041255 72.9442411432386 71.04101422487122 70.16134102315395 69.27235332655786 68.57392034230317 67.64166053201379 66.81947042733327 65.78195752690365 64.85872489969402 63.91800509819131 62.96967391971753 62.0146778897153 60.675949574087284 59.67394983171868 58.8178909679104
100.2479382784854 98.57689661630872 97.47424136121637 96.7937533972567 96.5180764135739 96.4884071607261 96.1468759899391 94.96537414449818 93.35681539662463 92.66479418665284 92.32496637068769 91.52282343780108 90.22626504047662 88.89871465485 86.99039955666454 85.9243022894574 84.96632516684677 83.809671947697 82.60851371971152 81.29308448288488 80.2314938695359 79.5361879416174 78.5327225673959 77.27670899633391 76.08171295881145 75.52955691873916 75.57806580431757 75.40896509141398 74.44392608103335 73.36780484439763 71.67996907617494 70.47513467261633 69.6930389671767 68.65141296168909 67.57925618075615 66.75482263334982 65.88918242631262 64.99286214692336 63.890043077984 63.123463332900464 62.220247253142084 61.2436998542944 60.32533549649556 59.340956463573335
100.26496879262386 98.58518163048866 97.49827459883687 96.77729836012229 96.50776020162901 96.41935448955687 95.916912247884 94.42926821122313 92.58276227690166 92.13704893913992 92.13441149071167 91.50477371947547 90.11411627756439 88.48890451453146 86.93380625289618 85.95030930069625 85.38433382562604 84.53204440750798 83.31604994448364 81.74058303175651 80.7312356245059 79.55808190023623 78.37659234865025 77.2165460345488 76.15881015857808 75.65915480769775 75.6600137754471 75.43393428203561 74.53659039199881 73.53514009764592 71.8858557806599 70.72400621688693 69.8471219939297 68.97307116608526 67.64155806213881 66.7909972344786 66.03365270003773 65.28479295465831 64.38235112559592 63.26675839881242 62.51793189207962 61.45363369757795 60.822200979914165 59.90176611092284
100.37501941746865 98.82977016490355 97.64546835486867 96.90098917011895 96.48639529245598 96.2101520785617 95.52464366308831 94.17395805728592 92.6450870441209 92.22455223784709 92.11124100079718 91.42370208583301 89.7776348232664 88.10826166043887 86.42887015556279 85.71490204064953 85.54462594692068 85.07281119689365 83.96358824533114 82.34821209705815 81.10673842661396 79.85730442755823 78.79499852229925 77.56493127373038 76.67630407292573 76.1249367220709 75.87960520865425 75.43841158459905 74.50233595884804 73.71011089427509 71.9257078894026 71.00673284315538 69.88670581592432 68.98707417739185 67.95483313578903 67.01689005804946 66.16009388980022 65.26998950065683 64.35555711291971 63.70343674068625 62.82878830975801 61.655073842096215 60.99093307271364 60.39025851795985
100.36342583172835 98.88674502851939 97.96981221753092 97.2397018774672 96.64156896900974 96.09246296826285 95.30451228229774 94.25306948746554 93.12686454868813 92.60094135871499 92.04115569135956 91.21150689972954 89.73182347298834 87.82413515732856 86.17643426900321 85.54442056069229 85.52129950598204 85.30866389927185 84.29190723153155 83.04553080930178 81.60251116019751 80.21069552608925 79.105423656504 77.95877338727357 77.19328313164975 76.66747604704 76.30674439304781 75.54512479389558 74.6373815308493 73.79851589472928 72.46974214191856 71.36815096320134 69.82520178823965 69.19532102173964 68.07418916525783 67.2493545563028 66.17589058049627 65.42751200947993 64.5760290744655 63.60746301738734 62.658107810287305 61.64071917881534 60.90236473367564 60.51121816644935
100.5972550622011 99.15563520782943 98.29084654707896 97.45983805371614 96.83617841608975 96.20079476603217 95.33538503692854 94.50524339856527 93.56212744807979 92.71126539907395 92.08501358416716 91.06224739063327 89.65659841155733 87.9349256388821 86.44126292008364 85.78076798248811 85.56758796387516 85.28928062576806 84.52051037220821 83.224395634453 81.93698052461994 80.77357903139696 79.57692843456054 78.36648405277111 77.65026118962207 77.04636137291725 76.59635716816969 76.03576770250419 74.59761756383158 73.92680796740946 72.63304894672513 71.65615478191215 70.67774739809107 69.4297968718368 68.33555455981305 67.45122129968185 66.59176127566748 65.74053807228387 64.55796192033841 63.469912104409225 62.34367683841232 61.18016991480403 60.60249259356233 60.31542295725108
100.78496915543312 99.5402728969334 98.46439825004889 97.71509342716901 97.0369802850394 96.27781043822566 95.42183636776404 94.61405442906216 93.88503119635591 92.87158524273362 92.08862323438844 90.87617518040004 89.66525346146737 88.28980965758045 86.95714845088254 86.29341348789268 85.80935684832286 85.28845889072406 84.51260858924869 83.31527661064045 82.38517115331354 81.1781889715425 80.02363536715711 78.80145125828648 78.10959681522543 77.42869402328179 76.75515726634875 76.25597240565789 74.6917384131766 74.04795649231828 72.88801326991756 71.8414374494556 71.13330522482399 69.93216171035917 68.79160387100089 68.0198141580133 67.23374614385791 65.8523946222331 64.76278797356557 63.392192598704014 62.13496819762666 60.655550907600265 59.72754470347396 59.59944058306648
101.16952223846226 99.68787142669747 98.88023973718747 97.95244915606828 97.09129112297786 96.3310344485383 95.50960540927422 94.69919363628533 93.9393451704137 93.31479113996049 92.21809026193532 90.99800444376991 89.88220306746554 88.68413879193852 87.63985645504933 86.67673876344733 86.10045856301501 85.48227368562556 84.31311616798597 83.56487690933984 82.52096927761248 81.42263935714908 80.43689228995562 79.70776106113026 78.62126787005913 77.72281033413792 77.0022994011314 76.45133143042185 75.32485351437072 74.12207025529402 72.9125750004411 72.17819012555445 71.31917778285731 70.39351347457077 69.42507779910618 68.23716459338742 67.47972137517966 66.52339105796553 65.33525763349942 63.900977825110054 62.14442061440443 60.38341019926621 59.269863413664524 59.244230746048004
101.52179198614603 100.1540848436961 99.1234937725133 98.33658291449892 97.1492522246684 96.43542463063433 95.38903251799385 94.74817229458985 94.00159909725126 93.41015702355737 92.41182071442346 91.5053356522324 90.1986507280028 89.06639890321625 88.11434766696037 86.93732101758148 86.41951148158205 85.67130768406062 84.56523659766432 83.70299760676131 82.97868733138179 81.98613532534591 80.93859597100224 79.83269950129443 78.76994720876603 78.15380769643885 77.38465320440464 76.80628267269 75.9513413804029 74.38663282637289 73.2031359083634 72.34864251218838 71.44735221640074 70.80465060320671 69.65495948542508 69.01181333973662 67.8096783937441 67.03145429466285 65.93004464429987 64.54286482518484 62.942581186020355 61.09780997308837 59.879751272051756 59.84049969596024
101.59729680853404 100.74346461842146 99.35864754194994 98.26027168159399 97.4075420980315 96.45648955829611 95.35059387517053 94.54925188234266 93.8505254201307 93.3086795813449 92.49669423372151 91.71406674348887 90.809859611277 89.53844399690337 88.12918404975254 87.5141447284125 86.69351377932622 86.1001932527238 84.65446744923536 84.00041205992325 83.09287279464016 82.11340799351412 81.29361943468332 79.90213314682443 78.89867781467952 78.08158494690488 77.46327442884666 76.85463119631592 75.97280368897229 74.48753400932897 73.26900798695914 72.6499564720193 72.02880964018496 70.92247851719361 69.93954262218898 69.3394614666094 68.56763328231652 67.55104275948413 66.5638164987255 65.38071489151882 63.87966596360687 62.39249320426964 61.46521622736578 61.35718063982194
101.8182454405604 100.9232603238281 99.58160483227262 98.35465091472031 97.46741139057687 96.6006450287211 95.10407727188681 94.28710390676854 93.5998499972682 93.03968220630644 92.43378753931819 91.80202074030568 90.97292885618101 89.97534953278435 88.83545930347552 87.8911898388598 87.15937884805365 86.03565423754702 84.76313715793394 84.10782827691575 83.43455950300356 82.50423732884258 81.38661286353192 80.30618801545918 79.34142175606131 78.1419401468982 77.49824366749057 76.85805660109784 75.97007242233265 74.56365436360912 73.57815575920088 72.67444428370382 72.03714890221595 71.01479028910616 70.32748096112877 69.92410147566576 69.20108696919772 68.35435559803378 67.33391764876616 66.36910562102273 65.15878200746987 63.97608193215757 63.36087765650909 62.91471951279203
101.98178340794495 100.95661507428498 99.88988952196752 98.70943653819981 97.40080382749113 96.01994240285732 94.88330707713062 93.84883828639207 93.1080485161631 92.69018311493217 92.26781555025221 91.85835677464011 91.12946436163067 90.04531002050557 89.42322848701652 88.45067326354362 87.65600673666734 86.48018070492344 84.87357795384905 84.20886814075547 83.53335179252285 82.69519834609945 81.34017948618097 80.3418999511395 79.68597399633038 78.15760919669204 77.4867483273592 76.84397374015765 75.48420606452392 74.85265498753475 73.8208334180768 72.89042490321084 71.96028658471162 71.16503654009209 70.43951160124321 70.09059615773589 69.73626635527869 69.08866085545577 68.28441623920739 67.34246176168975 66.11798853256906 65.60113996077642 65.11939675369096 64.76915456153846
102.17876821326064 100.98441904016786 100.0101049731932 98.607567230765 97.42515940990083 95.62005852287629 94.4638377740457 93.28175669173301 92.340078121297 91.9261600229607 91.8382982237644 91.8613526259621 91.4279307143079 90.2629723425734 89.73356818842616 88.8550152753739 87.80187063264407 86.96434629044899 86.02922556167118 84.29807913064674 83.61377568098534 82.64429371633514 81.93755822914851 80.35390695227653 79.63458226915805 78.75095553107168 77.46812185111855 76.80461913766635 75.51404979757034 74.87396894796717 73.84745892846301 72.84109122748002 71.80138492986332 70.93538548080477 70.32401646998518 70.12562909116237 70.04317599520598 69.84450894835079 69.30810165719217 68.16220709027434 67.37444648553434 66.8661325975447 66.34909132613922 66.09852101415436
102.38882607318592 101.20631839466995 99.94664503077888 98.75688577243321 97.39252788972321 95.70104825454332 94.08943816991537 92.60119767768298 91.38343165165983 91.0731774549026 91.40401826984478 91.59538043053968 91.26605585299686 90.54157282006257 89.90295178020259 89.33101063797285 88.29675214768245 87.22811865845642 86.2893374322781 85.06919308050918 83.72995277686181 82.68924520048061 81.9648034027715 80.3598113625277 79.60499364087164 78.64915057445477 77.91749703929634 76.33069192256039 75.72260196243595 74.92656480725162 74.2578353776373 72.99891204990318 71.79310310794895 70.64999646823597 69.86987864007797 69.80563492996649 70.09446408255741 70.24900159484622 70.0834712282186 69.49526690407934 68.92504825994375 68.26177936279599 68.07465403219706 67.80113245761393
102.38795387562004 101.24335477079126 100.02933824958856 98.76394543162631 97.27648458370092 95.6554336795232 94.13417416111874 92.34930329132084 90.93558371767618 90.6012370268793 91.18644890455423 91.5129444535654 91.42212101924265 90.95563931670723 90.1662203882146 89.41027377279146 88.63126895994473 87.76878135814941 86.35947204487698 85.31726919520732 84.32148949068677 83.38922401896282 81.9897597600501 80.60057283016084 79.58445349266732 78.58004691084763 77.773585622814 76.55476893168412 75.78723382776809 75.10694188387421 74.4210581848071 73.19521769307667 71.93247629919469 70.44208382530483 69.435808740042 69.5059923987706 70.06643710840007 70.57339120834911 70.71752472662959 70.3542802617689 70.04278414745204 69.55578139411709 69.3026369285295 69.0314497741773
102.12198357513408 101.13108418849966 100.15179867162479 98.60675626730522 97.42045570984065 95.56931668996846 94.37268119529078 93.01000205184489 91.64599100083437 91.20543089166677 91.42587321611198 91.6009545059336 91.54420365630354 91.04401222975989 90.41415921829832 89.62956733187599 88.86735971257691 87.81489796781598 86.87702631077825 85.36637954662216 84.36339660756335 83.63053665419758 82.65385451798787 81.12561496114962 79.56265220408984 78.65842076112953 77.39809335829666 76.53217858636911 75.68639786816546 75.21380417943497 74.7140275302828 73.92360612707795 72.45283015645738 71.03299456198687 69.96458611116942 69.95241642206281 70.63961521031226 71.00121941347835 71.12870672189075 71.23616963837878 70.92482322027777 70.76100011070989 70.24257604409574 70.00151372757615
101.94015445453525 101.0047848434832 100.03006921446787 98.88660328357003 97.01374655358829 95.67540526600808 94.67920354298991 93.86629374928897 93.01626124935002 92.51675499400449 92.13163703346508 91.91999146212243 91.69696477610178 91.10815394385966 90.4439288160408 89.86948728488647 89.26528079484599 88.39680649328507 86.88610356009642 85.73926499911 84.39718996034112 83.65911902199842 82.81818221872811 81.66659012268556 80.33229774224351 78.36997170404041 77.36311470436006 76.34974925344916 75.41455957661016 74.94290668968422 74.81192569648468 74.5365241461052 73.47538133783151 72.13685767787908 71.29027420813306 71.16330146225819 71.5196042982372 71.94078269175712 71.82409674776258 71.81898102895687 71.65251604619772 71.55783992681928 71.27839241907574 70.95999191237588
101.97654141950787 100.93939016839981 99.96648913766391 98.75414812885005 97.13350182408928 95.57740554172534 94.65498684320853 94.2308434316502 93.85559729296334 93.45092425846379 92.81235351410244 92.3946108535771 91.91922418455376 90.98887968137463 90.41169618548093 89.80906456286591 89.19598862512635 88.56758664366507 87.24152647024191 86.01591360161153 84.42267077106278 83.68060037376995 82.92577288112723 81.88753926002846 80.52565976951773 78.91955943463005 77.83270950358447 76.35958949195269 75.13311459549566 74.63101832610263 74.80490073046016 74.83453274389116 74.26572819700891 73.39321000931012 72.75374306534835 72.45129292737496 72.53869869861374 72.69905367072204 72.79270048965054 72.85689513762213 72.52727952986609 72.29129202576006 72.19817721423281 72.00496163886194
101.90817263134194 100.97143404047415 100.01858247639859 98.4925238291062 96.93810919138113 95.1701795387184 94.14620543432997 94.10982048480341 94.14918061624836 93.96131137659144 93.21996487019712 92.75234451571002 91.9424883038887 91.12399449975828 90.48181759426194 89.84945069854606 89.14444866333882 88.44739528987023 87.58729896366532 86.4030839488026 84.70760455161836 83.67402624122619 82.93485942997943 81.99208013528593 80.90331645171939 79.75440382445117 78.33734514947577 76.99367844478788 75.6023986827067 74.99385968376215 75.17465666524 75.26459274860981 74.98179171561644 74.55739898528724 73.87508335874483 73.64420406875178 73.60539412291679 73.53965630435802 73.64635663865089 73.64232002032008 73.48921134001182 73.24571023674847 73.16045237265068 72.83377468966316
